reading data...done
0     3.65    0.51679    0.52348
1     6.88    0.51235    0.51939
2    10.55    0.51098    0.51815
3    14.29    0.51007    0.51738
4    18.37    0.50909    0.51641
5    21.74    0.50822    0.51561
6    25.53    0.50775    0.51530
7    29.05    0.50740    0.51515
8    33.54    0.50721    0.51511
9    36.76    0.50689    0.51494
10    41.15    0.50671    0.51488
11    44.68    0.50648    0.51480
12    48.73    0.50624    0.51474
13    52.23    0.50607    0.51476
14    56.61    0.50589    0.51472
15    60.12    0.50575    0.51474
16    63.76    0.50546    0.51460
17    68.41    0.50539    0.51466
18    72.67    0.50528    0.51469
19    76.36    0.50507    0.51461
20    79.74    0.50492    0.51466
21    84.55    0.50482    0.51475
22    89.26    0.50475    0.51497
23    93.97    0.50472    0.51498
24    97.62    0.50461    0.51494
25   101.04    0.50445    0.51496
26   105.43    0.50436    0.51500
27   108.70    0.50419    0.51501
28   113.39    0.50411    0.51508
29   116.92    0.50399    0.51511
reading data...Va...done
initializing model...done
0    42.59    0.32212    0.46899
1    84.79    0.31097    0.46399
2   127.13    0.29741    0.46110
3   168.87    0.29035    0.45939
4   210.85    0.29384    0.45814
5   253.04    0.28894    0.45713
6   295.10    0.29583    0.45655
7   337.54    0.29184    0.45605
8   379.72    0.28443    0.45584
9   447.78    0.31040    0.45579
10   531.46    0.34748    0.45599
11   606.99    0.34264    0.45621
12   650.39    0.28319    0.45671
13   692.92    0.27683    0.45732
14   735.47    0.27174    0.45802
time used = 1299
